1
259
1
84
1
70
1
34
1
66
1
134
1
138
1
36
1
187
1
195
1
182
1
116
1
225
1
194
1
258
1
296
1
231
1
23
1
107
1
222
1
170
1
155
1
13
2
106
2
3
2
196
2
169
2
250
2
126
2
180
2
223
2
17
2
139
2
117
2
174
2
141
2
138
2
110
2
25
3
159
3
70
3
259
3
115
3
271
3
253
3
247
3
117
3
12
3
82
3
109
3
254
3
274
3
66
3
56
3
259
3
234
3
145
3
171
3
163
3
136
4
194
4
71
4
199
4
241
4
61
4
82
4
52
4
116
4
57
4
127
4
65
4
234
4
19
4
284
4
13
4
22
4
101
4
194
4
274
5
130
5
245
5
64
5
261
5
50
5
110
5
181
5
80
5
107
5
34
5
4
5
232
5
116
5
234
5
80
5
30
5
266
5
69
5
12
5
173
5
280
6
266
6
29
6
203
6
59
6
172
6
255
6
172
6
241
6
40
6
217
6
53
6
83
6
49
6
176
6
131
6
53
6
107
6
38
6
239
7
118
7
156
7
144
7
265
7
109
7
149
7
101
7
219
7
299
7
16
7
291
7
114
7
158
7
136
7
130
7
255
7
43
7
32
7
196
7
90
7
20
7
216
8
185
8
35
8
116
8
221
8
96
8
271
8
212
8
72
8
265
8
128
8
67
8
175
8
190
8
203
8
300
8
75
8
15
8
111
8
236
8
285
8
158
8
240
8
47
9
131
9
52
9
51
9
264
9
63
9
214
9
76
9
137
9
207
9
39
9
10
9
288
9
145
9
121
9
36
10
95
10
110
10
90
10
51
10
31
10
152
10
20
10
258
10
138
10
69
10
217
10
102
10
269
10
260
10
120
10
117
10
295
10
183
10
189
10
180
10
156
